2+2
s <- 5

